  -61
   65
  107
  -91
 -124
   84
 -126
  121
  116
  -74
 -127
  -14
 -127
 -100
 -105
  -54
   81
  -14
  -71
  -88
  124
  -30
    3
   57
  -29
 -107
   24
  -63
   55
  -13
   77
   55
 -102
   42
  -81
   41
   79
  -57
  -96
   38
   61
  125
   84
   30
  -74
   49
  111
  119
  -89
    3
  -69
 -109
  -10
  125
   98
  109
  -75
   40
   29
   45
   24
 -128
  102
   96
  -86
  111
 -113
  -55
 -125
   -1
   45
   98
  -60
  -40
  126
   -9
 -108
  -33
  -70
  120
  -92
  101
  -42
  -27
   54
   -9
   96
  105
  -29
   65
  107
   53
   55
   42
  -77
    7
   52
    9
  -39
  107
    2
   74
   67
   65
   39
  -25
   21
   78
  104
   13
  -76
  110
  -74
   79
   49
  -91
    7
   38
  -52
   69
  -79
    2
   15
   38
  -29
   44
    1
 -108
   58
  -62
  -74
  -10
   70
    3
   57
  102
  -38
  -62
  -66
   46
  -39
 -102
  -34
   55
  -80
   -6
  -69
  -23
   95
   23
